exoatlas/populations/data/skewnormal_parameters_for_interpolating_mode.ecsv
# %ECSV 1.0
# ---
# datatype:
# - {name: sigma_upper, datatype: float64}
# - {name: mu_skew, datatype: float64}
# - {name: sigma_skew, datatype: float64}
# - {name: alpha_skew, datatype: float64}
# meta: !!omap
# - {mu: 0}
# - {sigma_lower: 1}
# schema: astropy-2.0
sigma_upper mu_skew sigma_skew alpha_skew
[from data line 839]
22.874908173557017 -4.975534782424445 19.82136977410849 9.255022146530193
23.086779941871697 -5.011262192573589 19.997587971970287 9.277779710746094
23.300614106969245 -5.047316074684687 20.17543517527775 9.300435765062932
23.516428844943487 -5.083699507401757 20.35492651067729 9.322990007544966
23.73424250023866 -5.120415598346979 20.53607724593549 9.345442129102127
23.954073587208768 -5.15746748300857 20.71890278940819 9.367791837531644
24.175940791691307 -5.194858325279437 20.903418691713018 9.390038852638407
24.399862972595503 -5.232591317726466 21.089640647051425 9.41218290617507
24.625859163505467 -5.270669681860955 21.277584494542168 9.434223741764638
24.853948574297984 -5.309096668412375 21.46726621956778 9.456161114816268
25.084150592775387 -5.347875557606492 21.65870195513587 9.477994792417958
25.316484786313556 -5.387009659430486 21.85190798323324 9.499724553466608
25.55097090352507 -5.426502313941419 22.046900736244574 9.521350188153773
25.787628875938008 -5.4663568915331 22.243696798324283 9.542871498356808
26.026478819690045 -5.506576793206734 22.44231290679459 9.564288297227876
26.267541037238356 -5.547165450863629 22.642765953571555 9.585600409207554
26.51083601908539 -5.588126327771191 22.845072986783162 9.606807670240935
26.756384445520453 -5.62946291823703 23.049251211560822 9.627909926636743
27.004207188377727 -5.671178748930741 23.25531799259167 9.648907036663347
27.254325312810277 -5.713277378311967 23.463290854666752 9.669798869026673
27.506760079080646 -5.755762397292526 23.673187484554106 9.69058530336092
27.76153294436801 -5.798637429535026 23.885025732499553 9.711266230083869
28.018665564591952 -5.841906131342596 24.098823613276974 9.731841549813117
28.27817979625341 -5.885572193138208 24.31459930899377 9.75231117489492
28.540097698292374 -5.929639338199254 24.532371168951467 9.772675027349026
28.80444153396298 -5.974111324184599 24.752157712473057 9.792933038593043
29.071233772725783 -6.018991942849162 24.97397762983774 9.81308515192252
29.34049709215787 -6.0642850205711065 25.197849784089914 9.833131320778653
29.612254379880344 -6.10999441889315 25.423793212835598 9.853071508645487
29.886528735503827 -6.156124034575626 25.651827129812936 9.87290567943021
30.163343472591972 -6.202677799109164 25.881970925158097 9.892633827565195
30.442722120643026 -6.249659680900373 26.1142441694915 9.912255940818529
30.724688427090037 -6.297073684314795 26.348666613994748 9.931772020441887
31.009266359319266 -6.344923850251298 26.585258192357795 9.951182078331746
31.296480106707506 -6.393214255176886 26.82403902074392 9.970486165667065
31.58635408267819 -6.44194901848462 27.06502940873887 9.989684220554444
31.878912926776458 -6.491132288736175 27.308249842489882 10.008776373981942
32.174181506763716 -6.540768258130918 27.553721005044746 10.027762643510712
32.47218492073129 -6.590861155805834 27.801463768812617 10.046643086247927
32.77294849923382 -6.641415249607647 28.051499199199043 10.06541776809461
33.07649780744242 -6.692434846453405 28.303848556392445 10.084086763744695
33.38285864731761 -6.74392429270208 28.55853329717743 10.102650156495253
33.69205705980267 -6.795887974525173 28.815575076763782 10.121108037876596
34.00411932703706 -6.848330318274653 29.074995750613102 10.139460508098574
34.31907197459043 -6.901255790865714 29.336817376314684 10.157707675173171
34.636941773717346 -6.954668900151867 29.60106221544115 10.175849655735933
34.95775574363275 -7.008574195315175 29.867752735458154 10.193886574224866
35.28154115380883 -7.062976267255701 30.136911611631014 10.211818563128766
35.60832552629278 -7.117879748975464 30.408561728951646 10.229645762479544
35.93813663804626 -7.173289315972043 30.682726184080384 10.24736831994356
36.271002523306485 -7.229209686643968 30.95942828731421 10.264986390858333
36.606951475969026 -7.285645622690291 31.23869156456835 10.282500137988569
36.94601205199302 -7.342601929516246 31.520539759376735 10.299909731409691
37.28821307182834 -7.400083456642964 31.80499683491098 10.317215348396099
37.63358362286532 -7.458095098121311 32.092086976018486 10.334417173311577
37.98215306190736 -7.516641792947238 32.38183459127769 10.351515397471308
38.33395101766602 -7.575728525474557 32.67426431506703 10.368510218949243
38.68900739327975 -7.635360325869796 32.96940100968319 10.38540184278003
39.0473523688556 -7.695542270507014 33.26726976742905 10.402190480471724
39.409016404034475 -7.75627948240413 33.56789591274974 10.418876349967945
39.774030240580366 -7.817577131687392 33.87130500440846 10.435459675764942
40.14242490499322 -7.879440436003472 34.177522837637035 10.451940688548477
40.51423171114647 -7.941874660972803 34.48657544633618 10.468319625166545
40.889482262948604 -8.004885120638491 34.79848910528954 10.484596728511395
41.268208457029516 -8.068477177927646 35.11329033240464 10.500772247464965
41.65044248545185 -8.132656245093786 35.431005890956 10.516846436686071
42.03621683844714 -8.197427784188754 35.75166279187003 10.532819556557918
42.42556430717777 -8.262797307536452 36.07528829602812 10.548691873100253
42.818517986524114 -8.328770378130924 36.40190991652227 10.564463657698774
43.21511127789762 -8.395352610251159 36.73155542111713 10.580135187321137
43.615377892080055 -8.462549669820678 37.064252834513596 10.595706744024861
44.01935185208875 -8.530367274923753 37.4000304407501 10.611178615117291
44.42706749606883 -8.598811196284814 37.738916785607636 10.626551092937842
44.83855948021186 -8.667887257833772 38.08094067910191 10.641824474768406
45.25386278170167 -8.737601337058058 38.426131197811365 10.656999062717365
45.67301270168747 -8.807959365632469 38.774517687422424 10.672075163740663
46.09604486828434 -8.878967329862917 39.126129765256835 10.687053089202998
46.52299523960189 -8.950631271218851 39.480997322724356 10.701933155145065
46.95390010680058 -9.022957286842518 39.839150527895 10.716715682045356
47.38879609717651 -9.09595153004189 40.200619828054265 10.731400994475125
47.827720177274855 -9.16962021087463 40.56543595230767 10.74598942154027
48.27070965603183 -9.243969596616978 40.93362991417611 10.760481296238247
48.71780218794631 -9.319006012327765 41.305233014241644 10.77487695562919
49.16903577628026 -9.394735841381026 41.680276842807054 10.789176740680643
49.624448776289135 -9.471165526009377 42.05879328258251 10.803380996161744
50.08407989848212 -9.548301567854176 42.440814511393064 10.817490070576392
50.547968211912405 -9.626150528516254 42.82637300492115 10.831504316002542
51.016153147498336 -9.70471903011766 43.215501539461144 10.845424088058524
51.48867450137492 -9.784013755864187 43.608233194709584 10.859249745775402
51.965572438276574 -9.864041450614668 44.00460135657684 10.872981651508447
52.44688749495119 -9.944808921455442 44.40463972002591 10.886620170842859
52.93266058360561 -10.026323038279893 44.80838229193697 10.900165672500695
53.42293299538352 -10.108590734373484 45.21586339399897 10.91361852824857
53.917746403875 -10.19161900700405 45.62711766562762 10.92697911280634
54.41714286865893 -10.275414918013501 46.04218006691944 10.94024780367669
54.92116483887789 -10.359985594439435 46.461085881579166 10.953424981453596
55.42985515684669 -10.44533822908121 46.88387072000943 10.966511028939594
55.94325706169378 -10.531480081153381 47.31057052224743 10.979506331860767
56.46141419303667 -10.618418476882058 47.74122156106892 10.992411278354831
56.98437059469142 -10.706160810134348 48.17586044505868 11.005226259001718
57.51217071841614 -10.79471454304659 48.614524121725275 11.01795166671677
58.04485942768978 -10.884087206672294 49.05724988069054 11.030587896489966
58.58248200152536 -10.974286401581452 49.50407535668693 11.043135345969652
59.125084138318755 -11.06531979856219 49.9550385329923 11.055594414457568
59.672711959733164 -11.157195139241225 50.410177744515195 11.067965503401304
60.22541201461928 -11.24992023675012 50.869531681087295 11.080249016180202
60.7832312829723 -11.343502976339321 51.3331393905223 11.092445358901776
61.34621717992506 -11.437951316305023 51.80104028309013 11.104554935942394
61.914417559778414 -11.533273288151639 52.2732741325505 11.116578158651812
62.487880720068944 -11.629476997646094 52.749881078497125 11.128515443061321
63.066655405674055 -11.72657062600896 53.23090164546552 11.14036718120654
63.65079081295571 -11.82456242918954 53.71637671362871 11.152133805174707
64.2403365939419 -11.923460739843124 54.20634755288934 11.163815725598345
64.8353428605472 -12.023273967539579 54.70085581346808 11.175413357786518
65.43586018883236 -12.12401059979713 55.19994353279376 11.186927117672637
66.04193962330305 -12.225679202397533 55.70365313525381 11.198357424585218
66.65363268124914 -12.328288420257197 56.212027438730736 11.209704698200866
67.27099135712336 -12.431846978214944 56.72510965759947 11.220969359169242
67.89406812696106 -12.536363681770858 57.242943406389685 11.232151829178088
68.52291595284065 -12.641847417827618 57.76557270348773 11.24325253086046
69.15758828738525 -12.748307155576514 58.29304197499965 11.254271887821266
69.7981390783066 -12.855751946511079 58.82539605783742 11.265210323796328
70.44462277299037 -12.964190926739484 59.36268020494932 11.276068264288732
71.09709432312431 -13.073633316306426 59.90494008782847 11.286846134896091
71.75560918936928 -13.184088420297217 60.452221800690594 11.297544361498991
72.42022334607316 -13.295565630311984 61.004571865015336 11.308163371211498
73.0909932860291 -13.408074424509591 61.562037232815946 11.318703591217693
73.7679760252773 -13.521624368684929 62.12466529087287 11.329165449052454
74.45122910795135 -13.636225117300228 62.6925038649563 11.339549373132249
75.1408106111697 -13.751886413842069 63.265601223486485 11.349855791591485
75.8367791499719 -13.868618092036277 63.844006081967585 11.360085133072609
76.53919388230148 -13.98643007652007 64.42776760699107 11.370237826450996
77.248114514034 -14.105332383717519 65.01693542044124 11.380314300745109
77.96360130405229 -14.225335122697798 65.61155960371975 11.390314985012145
78.68571506936851 -14.34644849602769 66.2116907019957 11.400240308381136
79.4145171902934 -14.468682800643322 66.81737972850605 11.410090699980554
80.15006961565405 -14.592048428701753 67.42867816886857 11.419866588875509
80.89243486805938 -14.71655586852578 68.04563798551796 11.429568404041971
81.64167604921464 -14.842215705359342 68.66831162199384 11.439196574157966
82.39785684528519 -14.96903862239555 69.29675200751883 11.448751527657345
83.16104153230961 -15.097035402247558 69.93101256202563 11.458233694198904
83.93129498166364 -15.226216926033214 70.57114719897064 11.467643500300653
84.70868266557402 -15.356594176492894 71.21721033199144 11.476981374266398
85.49327066268376 -15.48817823769311 71.86925687836404 11.48624774340013
86.28512566366895 -15.620980296290336 72.52734226397868 11.495443034695747
87.08431497690724 -15.755011642405105 73.19152242797544 11.504567674605127
87.89090653419954 -15.890283670625246 73.86185382754081 11.513622089042336
88.70496889654403 -16.026807880968345 74.53839344270328 11.522606703458706
89.52657125996392 -16.164595879855646 75.22119878116995 11.531521942659756
90.3557834613893 -16.303659381105422 75.91032788322589 11.540368230961263
91.19267598459298 -16.444010206912647 76.60583932663698 11.549145991555378
92.03731996618221 -16.585660288898197 77.30779223171474 11.557855648166642
92.88978720164498 -16.728621669036883 78.01624626617158 11.566497621613467
93.7501501514529 -16.87290650078434 78.73126165039571 11.575072333827524
94.61848194722002 -17.018527050047172 79.45289916244485 11.58358020530886
95.49485639791966 -17.165495696241756 80.18122014324435 11.592021655716891
96.37934799615786 -17.165495696241756 80.18122014324435 11.592021655716891
97.27203192450537 -17.165495696241756 80.18122014324435 11.592021655716891
98.17298406188841 -17.165495696241756 80.18122014324435 11.592021655716891
99.08228099003797 -17.165495696241756 80.18122014324435 11.592021655716891
100.0 -17.165495696241756 80.18122014324435 11.592021655716891
