exoatlas/populations/data/skewnormal_parameters_for_interpolating_mode.ecsv
# %ECSV 1.0
# ---
# datatype:
# - {name: sigma_upper, datatype: float64}
# - {name: mu_skew, datatype: float64}
# - {name: sigma_skew, datatype: float64}
# - {name: alpha_skew, datatype: float64}
# meta: !!omap
# - {mu: 0}
# - {sigma_lower: 1}
# schema: astropy-2.0
sigma_upper mu_skew sigma_skew alpha_skew
[from data line 623]
3.122442823092858 -1.4737388684792336 3.2711372085312527 3.3863728736701666
3.1513634848664793 -1.4806709071679622 3.296653826023513 3.410420645880066
3.18055201533292 -1.487629399151193 3.322379917580506 3.4345424473387776
3.2100108955431716 -1.4946149490968885 3.348317678918972 3.4587383743765607
3.2397426295281955 -1.5016281612057658 3.374469321832677 3.4830085044721564
3.269749744511768 -1.5086696394046515 3.400837074474442 3.507352896466693
3.3000347911252854 -1.5157399875161728 3.427423181624975 3.531771590601874
3.330600343624589 -1.5228398094561943 3.454229904984747 3.5562646087125898
3.361449000108765 -1.5299697093838165 3.4812595234274424 3.5808319543101534
3.392583382740992 -1.5371302918645253 3.508514333265906 3.605473612695626
3.4240061379714257 -1.5443221620587158 3.535996648553117 3.630189551120799
3.4557199367621396 -1.5515459258616047 3.563708801329679 3.6549797188620317
3.4877274748141778 -1.558802190058338 3.591653141894013 3.679844047334623
3.520031472796679 -1.5660915624750773 3.6198320390711256 3.704782450195942
3.552634676578139 -1.573414652125905 3.6482478804794867 3.7297948234440725
3.585539857459817 -1.5807720695734593 3.676903072947777 3.754881046239125
3.6187498124112802 -1.5881644260625634 3.705800042068367 3.7800409777098256
3.6522673643081753 -1.5955923354299038 3.7349412337645314 3.8052744626036437
3.686095362172158 -1.6030564127781983 3.7643291134555197 3.830581327036996
3.720236681413066 -1.610557275140355 3.7939661666833335 3.85596138014243
3.754694224073337 -1.618095541764736 3.823854899319575 3.8814144151858807
3.7894709190746676 -1.625671833444482 3.853997838045911 3.9069402048630435
3.824569722466999 -1.6332867737298755 3.8843975303362246 3.932538507953459
3.859993617679767 -1.6409409883932478 3.9150565448693353 3.958209065474512
3.895745615775501 -1.6486351056918007 3.9459774717630944 3.9839516016177052
3.9318287557057703 -1.6563697564859987 3.977162922837821 4.009765823841283
3.9682461045694817 -1.6641455743829445 4.008615531885446 4.035651423071427
4.005000757873611 -1.6719631957322894 4.0403379549241265 4.061608073244942
4.042095839796306 -1.679823259898602 4.072332870473162 4.087635432145805
4.079534503452449 -1.6877264092696997 4.104602979815039 4.113733141002418
4.1173199311616795 -1.695673289386421 4.137151007262449 4.139900824673816
4.155455334718876 -1.703664549047811 4.169979700425478 4.1661380917251
4.193943955667186 -1.7117008404141851 4.203091830479234 4.192444534501798
4.232789065573549 -1.719782819109827 4.236490192432815 4.2188197292077625
4.271993966306777 -1.7279111443232011 4.270177605398461 4.245263235981839
4.3115619903182285 -1.7360864789063764 4.304156912862016 4.271774598975982
4.35149650092505 -1.7443094894731122 4.3384309829542795 4.298353346434787
4.391800892596086 -1.7525808464959083 4.373002708723537 4.324998990776499
4.432478591240396 -1.7609012244032904 4.407875008406398 4.351711028709663
4.473533054498463 -1.7692713014828976 4.443050825518628 4.3784889409651715
4.514967772036102 -1.7776917608198386 4.478533129995331 4.405332193525221
4.556786265841064 -1.7861632889926107 4.51432491699988 4.43224023610894
4.598992090522438 -1.7946865770653937 4.550429208180097 4.4592125030775245
4.6415888336127775 -1.803262320748135 4.5868490519886445 4.486248413808773
4.684580115873045 -1.8118912201463198 4.6235875236198325 4.513347372336105
4.727969591600391 -1.8205739799575196 4.660647725401783 4.540508767578098
4.771760948938746 -1.8293113095649924 4.69803278708717 4.567731973432096
4.815957910192351 -1.8381039231332055 4.735745866150096 4.595016348872542
4.860564232142134 -1.8469525396869937 4.773790148051664 4.622361238100173
4.905583706365046 -1.8558578831887511 4.812168846536245 4.6497659705707015
4.951020159556351 -1.8648206826334446 4.850885203922494 4.677229861150134
4.996877453854884 -1.8738416721328734 4.8899424913948915 4.704752210223432
5.0431594871713585 -1.8829215910004562 4.929344009298807 4.7323323038056255
5.08987019351968 -1.8920611838359183 4.969093087436728 4.759969413660121
5.137013543351344 -1.9012612006092566 5.009193085365891 4.7876627974207135
5.184593543892913 -1.9105223967432912 5.049647392696258 4.815411698717524
5.2326142394866615 -1.9198455331903923 5.0904594293829755 4.843215347307482
5.281079711934331 -1.9292313761524567 5.131632645454977 4.871072959599292
5.329994080844088 -1.9386806986829046 5.173170523730773 4.89898373708632
5.379361503980703 -1.948194278472398 5.215076576482213 4.9269468691009894
5.429186177618943 -1.9577728994542292 5.257354348161784 4.954961531201055
5.479472336900287 -1.9674173515068596 5.300007415114168 4.983026885748953
5.5302242561929 -1.9771284305366916 5.343039385892083 5.011142082059961
5.58144624945496 -1.9869069385070266 5.386453901517081 5.039306256462011
5.633142670601358 -1.996753683581226 5.430254635811831 5.067518532821973
5.685317913873753 -2.00666948043561 5.474445296166383 5.095778022108766
5.737976414214134 -2.016655149833828 5.519029623061457 5.124083822992384
5.7911226476417585 -2.0267115190162563 5.56401139085581 5.152435021878276
5.844761131633631 -2.036839421730171 5.609394408038311 5.180830693090341
5.898896425508499 -2.047039698316716 5.655182517572132 5.209269899023878
5.95353313081437 -2.0573131957987814 5.701379597239947 5.237751690315056
6.008675891719687 -2.067660767962799 5.747989559980205 5.266275106027607
6.064329395408062 -2.078083275436523 5.7950163542194915 5.294839173846521
6.120498372476696 -2.0885815857645764 5.842463964205741 5.323442910267807
6.177187597338494 -2.0991565734833286 5.8903364103449745 5.352085320781878
6.234401888627864 -2.109809120197116 5.938637749543055 5.380765400056888
6.292146109610344 -2.1205401146574907 5.987372075553559 5.409482132129529
6.350425168595962 -2.131350452845258 6.036543519331155 5.4382344906048035
6.40924401935645 -2.142241038052599 6.086156249387559 5.467021438860845
6.4686076615463275 -2.1532127809558754 6.136214472138945 5.495841930245776
6.528521141127848 -2.164266599631582 6.18672243218854 5.524694908200975
6.588989550799949 -2.175403419556696 6.237684412618216 5.553579306220463
6.650018030431118 -2.186624174848883 6.2891047366531385 5.582494050068964
6.71161176749628 -2.197929806212861 6.34098776559516 5.611438054579189
6.773775997517752 -2.2093212625409864 6.393337900938727 5.640410226230616
6.836516004510239 -2.2207995006095476 6.446159584301747 5.669409462785761
6.899837121430019 -2.232365485160919 6.499457297803724 5.698434653517463
6.963744730628222 -2.2440201889865343 6.553235564447554 5.727484679445866
7.028244264308346 -2.255764593006628 6.607498948501253 5.756558413530441
7.093341204987997 -2.2675996863599557 6.662252055891795 5.785654721004104
7.159041085964888 -2.279526466479601 6.717499534589266 5.8147724594941215
7.225349491787214 -2.2915459391503936 6.7732460749738 5.843910479301856
7.2922720587283125 -2.303659118744219 6.829496410388036 5.87306762377151
7.359814475265764 -2.3158670279987876 6.88625531722569 5.902242729242462
7.427982482564918 -2.3281706984329626 6.943527615673107 5.931434625699165
7.496781874966877 -2.340571170166625 7.001318169848618 5.960642136546334
7.566218500481055 -2.3530694922628337 7.059631888471613 5.989864079470476
7.636298261282241 -2.365666722585157 7.118473725048486 6.019099266079369
7.707027114212296 -2.378363927987068 7.177848678394518 6.048346502410823
7.77841107128649 -2.391162184309661 7.2377617929693265 6.077604588509643
7.850456200204509 -2.4040625767613144 7.2982181595841595 6.106872321344178
7.923168624866253 -2.4170661996074108 7.359222915448493 6.1361484913985525
7.996554525892346 -2.4301741564953514 7.42078124483082 6.165431885136926
8.070620141149499 -2.4433875604763178 7.482898379431195 6.194721284644326
8.145371766280745 -2.4567075341444853 7.545579598870304 6.224015468341512
8.22081575524054 -2.470135209632166 7.608830231042567 6.253313210403867
8.296958520834906 -2.483671728704633 7.672655652568626 6.282613281103004
8.373806535266489 -2.4973182432834293 7.737061289668381 6.3119144507289695
8.451366330684714 -2.5110759147198287 7.8020526178227385 6.3412154828783285
8.529644499741025 -2.5249459144900155 7.867635162819809 6.3705151398936595
8.608647696149244 -2.538929424128102 7.933814501064566 6.399812181753928
8.688382635251184 -2.5530276354703636 8.000596260195357 6.429105367538157
8.768856094587427 -2.5672417500519216 8.067986118874508 6.458393450118331
8.850074914473439 -2.5815729805775027 8.135989808612068 6.487675187552743
8.932045998580968 -2.5960225494827043 8.204613112745879 6.516949330801138
9.014776314524918 -2.610591690080726 8.273861867949043 6.546214632654633
9.098272894455558 -2.62528164630017 8.34374196439655 6.575469845101606
9.182542835656282 -2.640093672724474 8.414259346161048 6.604713719002083
9.267593301146883 -2.6550290347927543 8.485420011831838 6.633945005608941
9.353431520292386 -2.6700890088700713 8.557230015016932 6.663162455258914
9.440064789417603 -2.6852748823565635 8.629695464810984 6.692364819660816
9.52750047242729 -2.700587953781445 8.702822526333629 6.7215508508352935
9.615746001432095 -2.7160295329076125 8.776617421242216 6.750719301716564
9.704808877380307 -2.7316009408347672 8.851086428254774 6.77986892642295
9.794696670695396 -2.747303510103408 8.926235883677707 6.808998480526556
9.885417021919574 -2.763138584799816 9.002072181938527 6.838106721321933
9.9769776423632 -2.7791075206619746 9.07860177612342 6.86719240809363
10.069386314760271 -2.7952116851865236 9.15583117851995 6.896254302382337
10.162650893929952 -2.81145245773669 9.233766961164793 6.9252911682494185
10.25677930744422 -2.82783122965114 9.312415756396451 6.95430177253969
10.351779556301762 -2.844349404353774 9.391784257413105 6.983284885142776
10.447659715608042 -2.861008397464596 9.471879218835525 7.012239279254221
10.544427935261684 -2.877809636740042 9.552707457114689 7.0411637305669705
10.642092440647247 -2.8947545627593536 9.634275851699295 7.0700570208327065
10.740661533334334 -2.9118446283375525 9.71659134477572 7.098917934716235
10.84014359178331 -2.9290812994773896 9.799660942698527 7.127745264392458
10.940547072057424 -2.9464660536286162 9.88349171527546 7.156537797380024
11.041880508541603 -2.9640003823331647 9.968090798018665 7.185294334661072
11.144152514667882 -2.9816857897618814 10.053465391701474 7.214013679645791
11.24737178364752 -2.999523794237615 10.139622764504766 7.242694641740189
11.35154708920999 -3.0175159238028226 10.226570246743432 7.271336035234795
11.456687286348714 -3.035663723522808 10.314315241297697 7.299936677123125
11.562801312073754 -3.0539687517302534 10.402865218089419 7.328495395831121
11.669898186171475 -3.0724325787847113 10.4922277137932 7.357011023936519
11.777987011971193 -3.091056789191985 10.582410334941718 7.385482399872538
11.887076977119033 -3.109842981607229 10.673420758285253 7.413908369055553
11.997177354358843 -3.12879276862254 10.765266731023623 7.4422877838507455
12.108297502320394 -3.14790777691178 10.857956071486548 7.470619503745114
12.220446866314887 -3.167189647382482 10.951496669820681 7.498902395566055
12.33363497913776 -3.186640035313278 11.045896488662324 7.527135333692585
12.447871461879062 -3.2062606107325635 11.141163564067416 7.55531720058454
12.563166024741202 -3.2260530573742403 11.237306004954158 7.583446885393293
12.679528467864339 -3.2460190750566964 11.334331996139209 7.611523287255088
12.796968682159417 -3.2661603776802193 11.432249796781479 7.639545312537543
12.91549665014884 -3.2864786944150266 11.531067742184147 7.6675118764446575
13.03512244681509 -3.306975769611549 11.630794244256133 7.695421902911262
13.15585624045704 -3.3276533629423826 11.731437792223469 7.723274324792967
13.27770829355429 -3.3485132495553547 11.833006953361782 7.751068084043157
13.400688963639507 -3.3695572202072444 11.935510373687377 7.778802131971219
13.524808704178755 -3.390787081427219 12.038956778741966 7.806475429262926
13.650078065460137 -3.4122046556379626 12.143354974275839 7.834086946260881
13.776507695490535 -3.43381178131419 12.24871384701107 7.861635663094748
13.904108340900697 -3.4556103131291667 12.355042365388952 7.889120569844674
14.03289084785873 -3.4776021224067017 12.462349580654775 7.916540666370815
14.162866162991987 -3.4997890955019657 12.570644625685068 7.943894964354268
14.29404533431761 -3.5221731383696513 12.679936720633215 7.971182482842131
14.426439512181574 -3.5447561709215054 12.790235167209932 7.998402253697158
14.560059950206485 -3.567540131268418 12.90154935417742 8.025553319406221
14.694918006248173 -3.5905269746111466 13.013888756541089 8.052634731532066
14.831025143361044 -3.6137186729490334 13.127262936163524 8.079645560806686
14.968392930772556 -3.637117216666024 13.241681543495694 8.106584873462367
15.10703304486654 -3.660724612979783 13.357154317264188 8.133451758841707
15.24695727017573 -3.684542887266706 13.473691086187541 8.160245311182159
15.388177500383463 -3.7085740821563715 13.591301768523298 8.18696464748304
15.5307057393346 -3.732820259428148 13.709996375217914 8.213608881139535
15.67455410205595 -3.757283498502301 13.829785008346429 8.240177145993274
15.819734815786 -3.7819658992973717 13.950677861047055 8.266668579458308
15.96626022101425 -3.8068695736334672 14.072685229267956 8.293082353743845
16.114142772530197 -3.831996661889094 14.195817489107082 8.319417620771038
16.26339504048192 -3.8573493154379817 14.320085125435808 8.345673568253341
16.414029711444666 -3.882929708395743 14.445498712199202 8.371849386216384
16.566059589499137 -3.908740033571451 14.572068922697017 8.397944278456428
16.7194975973199 -3.9347825033847603 14.699806528694188 8.42395746085244
16.874356777273757 -3.961059346969093 14.828722403080208 8.449888161385672
17.030650292528442 -3.9875728228669094 14.95882751394983 8.475735618224299
17.188391428171457 -4.0143251996652305 15.09013293470521 8.50149908694703
17.347593592339308 -4.041318769625302 15.222649839449277 8.527177833219376
17.50827031735725 -4.068555845525001 15.356389504966657 8.552771135936696
17.670435260889466 -4.096038760529909 15.491363312927032 8.57827828387604
17.83410220710008 -4.123769869011166 15.62758274836042 8.603698582550393
17.999285067824765 -4.15175154610912 15.765059403110387 8.62903134742259
18.165997883753267 -4.179986188291456 15.903804975685253 8.654275907243143
18.334254825622907 -4.208476214089362 16.04383127334435 8.679431603875672
18.504070195423022 -4.237224060887057 16.18515020780421 8.704497790937147
18.67545842761076 -4.266232192082738 16.32777380717262 8.729473836327982
18.848434090337953 -4.295503090255859 16.471714205997387 8.754359119332946
19.02301188668944 -4.325039262758685 16.616983654012856 8.779153035684443
19.199206655932848 -4.354843234196924 16.763594507238324 8.803854985614898
19.377033374779888 -4.384917557197015 16.911559242564945 8.828464390203129
19.556507158659493 -4.415264805465025 17.060890449511618 8.852980681013609
19.737643263002553 -4.445887575889707 17.21160083380379 8.877403302537306
19.920457084538693 -4.4767884886417235 17.363703218297317 8.901731711955733
20.10496416260499 -4.5079701873378255 17.517210543981708 8.925965379054617
20.29118018046678 -4.539435336238104 17.67213586703941 8.950103781729437
20.479120966650854 -4.57118663079446 17.828492373673306 8.974146421883638
20.66880249629082 -4.6032267849437805 17.986293364065713 8.998092805226301
20.860240892485027 -4.6355585386405505 18.14555226319374 9.021942452786384
21.05345242766706 -4.6681846565070115 18.306282619873006 9.045694898274915
21.24845352498883 -4.701107928067508 18.468498107909813 9.069349688143019
21.445260759716675 -4.734331167983264 18.63221252726146 9.092906381518311
21.6438908606402 -4.767857216290031 18.797439805208167 9.116364550179789
21.84436071149426 -4.801688938637797 18.964193997535705 9.139723778518405
22.0466873523941 -4.835829226532805 19.13248928972903 9.1629836634964
22.250887981283693 -4.8702809975818635 19.302339998176983 9.186143814603634
22.45697995539774 -4.905047195748962 19.473760571394468 9.209203853685349
