exoatlas/populations/data/skewnormal_parameters_for_interpolating_mode.ecsv
# %ECSV 1.0
# ---
# datatype:
# - {name: sigma_upper, datatype: float64}
# - {name: mu_skew, datatype: float64}
# - {name: sigma_skew, datatype: float64}
# - {name: alpha_skew, datatype: float64}
# meta: !!omap
# - {mu: 0}
# - {sigma_lower: 1}
# schema: astropy-2.0
sigma_upper mu_skew sigma_skew alpha_skew
[from data line 205]
0.06619433458774394 0.24231922986517332 0.8841679420171142 -8.133451758841659
0.06680743915695615 0.2429864871591331 0.8846428340528777 -8.106584873462328
0.06742622241778343 0.24365939899755845 0.8851217504704861 -8.079645560806801
0.06805073696735206 0.2443380067234492 0.8856047206937607 -8.052634731531473
0.06868103588995304 0.2450223517944935 0.88609177423026 -8.025553319406377
0.06931717276155408 0.24571247589734999 0.8865829407463943 -7.998402253697279
0.06995920165435375 0.2464084208487504 0.8870782500032239 -7.971182482842132
0.07060717714137772 0.24711022862357077 0.8875777318670539 -7.943894964354156
0.07126115430111746 0.24781794144272443 0.8880814164215226 -7.916540666371038
0.0719211887222119 0.24853160148098447 0.8885893336320623 -7.88912056984468
0.07258733650817253 0.24925125127598058 0.8891015138053053 -7.861635663094746
0.0732596542821523 0.24997693341198768 0.889617987240902 -7.834086946260875
0.07393819919175866 0.2507086906434076 0.8901387843675962 -7.806475429262925
0.07462302891391108 0.25144656587060304 0.8906639357179587 -7.77880213197122
0.07531420165974372 0.25219060213733574 0.891193471926639 -7.751068084043158
0.0760117761795533 0.2529408426271139 0.891727423726843 -7.723274324792964
0.07671581176779302 0.2536973306621719 0.8922658219522837 -7.695421902911253
0.0774263682681127 0.254460109699084 0.8928086975309045 -7.66751187644465
0.07814350607844542 0.2552292233264317 0.8933560814850995 -7.639545312537531
0.07886728615614153 0.2560047152607903 0.893908004928222 -7.611523287255081
0.07959777002314986 0.2567866293433538 0.8944644990621011 -7.583446885393278
0.08033501977124735 0.25757500955506013 0.8950255951941378 -7.555317200586696
0.08107909806731686 0.25836989992840365 0.8955913246456838 -7.527135333692576
0.0818300681586739 0.2591713447167549 0.8961617189309167 -7.498902395566051
0.08258799387844268 0.2599793882094926 0.8967368095643311 -7.470619503745125
0.08335293965098195 0.2607940748234246 0.897316628157737 -7.4422877838507695
0.08412497049736119 0.26161544907913437 0.8979012063966698 -7.413908369055574
0.08490415204088747 0.2624435555965745 0.8984905760369509 -7.385482399872564
0.08569055051268347 0.2632784390891661 0.8990847688993739 -7.357011023936538
0.08648423275731722 0.264120144358211 0.8996838168642421 -7.32849539583119
0.0872852662384838 0.26496871631819824 0.9002877519043233 -7.299936677123223
0.08809371904473991 0.26582420000452167 0.9008966061079213 -7.271336035234807
0.08890965989529158 0.26668664039349954 0.901510411458675 -7.24269464173999
0.0897331581458352 0.26755608251389246 0.9021291999072295 -7.214013679645784
0.09056428379445289 0.26843257179248764 0.902753003920637 -7.185294334661072
0.09140310748756232 0.2693161534082699 0.9033818556037544 -7.156537797380021
0.09224970052592174 0.27020687269286686 0.9040157872195109 -7.127745264392457
0.09310413487069075 0.27110477499923635 0.9046548310473848 -7.098917934716284
0.0939664831495469 0.27200990584360135 0.9052990194767886 -7.07005702083276
0.09483681866285923 0.2729223106657447 0.9059483848497292 -7.041163730567031
0.09571521538991866 0.27384203499568993 0.9066029595781369 -7.012239279254215
0.09660174799522646 0.2747691243697559 0.9072627760601559 -6.983284885142772
0.09749649183484087 0.2757036243919904 0.9079278667561497 -6.954301772539687
0.09839952296278232 0.2766455806738321 0.908598264128115 -6.925291168249413
0.09931091813749796 0.2775950388445366 0.9092740006507467 -6.8962543023823395
0.10023075482838655 0.27855204454519555 0.909955108807181 -6.867192408093632
0.10115911122238297 0.27951664342262234 0.9106416210846389 -6.838106721321936
0.10209606623060465 0.28048888112309023 0.911333569969959 -6.8089984805265535
0.1030416994950588 0.28146880328591584 0.9120309879450212 -6.779868926422948
0.10399609139541198 0.28245645553689835 0.9127339074820708 -6.750719301716561
0.10495932305582277 0.28345188348161 0.9134423610389428 -6.721550850835293
0.105931476351837 0.28445513269853623 0.9141563810541796 -6.692364819660813
0.10691263391734761 0.28546624873205945 0.9148759999420443 -6.663162455258913
0.10790287915161842 0.2864852770852806 0.9156012500874152 -6.633945005608939
0.108902296226373 0.2875122632124138 0.9163321638411582 -6.60471371900209
0.10991097009294973 0.28854725251206786 0.9170687735120788 -6.575469845101611
0.11092898648952228 0.28959029031862393 0.9178111113658926 -6.546214632654633
0.11195643194838782 0.2906414218976407 0.9185592096199846 -6.51694933080113
0.11299339380332223 0.2917006924264099 0.9193131004243191 -6.487675187552744
0.11403996019700324 0.292768146992005 0.9200728158664226 -6.4583934501182485
0.11509622008850323 0.2938438306241279 0.9208383880027006 -6.429105367538157
0.11616226326085019 0.29492778816628745 0.9216098487354129 -6.39981218175392
0.11723818032865986 0.2960200644430933 0.9223872299787736 -6.370515139893659
0.11832406274583786 0.2971207040928713 0.9231705634975865 -6.341215482878319
0.11942000281335319 0.2982297516387454 0.9239598809792846 -6.311914450728972
0.12052609368708427 0.29934725146181723 0.9247552140102231 -6.2826132811030035
0.1216424293857368 0.30047324781090284 0.9255565940876549 -6.253313210403865
0.12276910479883592 0.3016077847194739 0.9263640525416665 -6.224015468341524
0.12390621569479163 0.3027509060943499 0.9271776206240091 -6.194721284644317
0.12505385872903907 0.3039026556533314 0.9279973294501764 -6.165431885136929
0.12621213145225474 0.3050630769136522 0.9288232099910306 -6.13614849139856
0.12738113231864784 0.30623221319274235 0.9296552930763485 -6.10687232134418
0.12856096069432957 0.3074101075908015 0.9304936093808496 -6.077604588509643
0.12975171686575876 0.30859680298791203 0.9313381894243067 -6.04834650241082
0.1309535020482667 0.30979234200157213 0.9321890635336703 -6.019099266079373
0.1321664183946605 0.31099676702612095 0.9330462618840263 -5.989864079470473
0.13339056900390586 0.312210120182664 0.9339098144534921 -5.960642136546327
0.13462605792989105 0.3134324433179114 0.9347797510254059 -5.931434625699167
0.135872990190271 0.31466377797725126 0.935656101165108 -5.902242729242467
0.13713147177539448 0.31590416542220323 0.9365388942412857 -5.873067623771507
0.13840160965731316 0.3171536465820935 0.9374281593814519 -5.8439104793018135
0.13968351179887398 0.31841226207634904 0.9383239254987302 -5.8147724594941135
0.1409772871628967 0.3196800521544621 0.9392262212350564 -5.785654721004098
0.14228304572143527 0.32095705672355707 0.9401350749939397 -5.75655841353044
0.143600898465126 0.3222433153123482 0.9410505149082863 -5.727484679445866
0.14493095741262166 0.3235388670592637 0.9419725688331447 -5.698434653517463
0.146273335620113 0.32484375069763977 0.9429012643353776 -5.669409462785758
0.14762814719093903 0.326158004538472 0.9438366286811916 -5.640410226230616
0.14899550728528543 0.3274816664541345 0.9447786888246398 -5.611438054579188
0.15037553212997376 0.32881477386116575 0.9457274713953544 -5.582494050068961
0.15176833902834053 0.33015736370269205 0.9466830026860367 -5.55357930622046
0.15317404637020798 0.33150947248946 0.9476453087076528 -5.52469490820097
0.15459277364194776 0.3328711360492608 0.9486144149098197 -5.495841930245777
0.15602464143663689 0.3342423898330057 0.9495903465380413 -5.467021438860847
0.1574697714643086 0.3356232687198941 0.950573128423431 -5.43823449060481
0.1589282865622978 0.3370138070091338 0.9515627849786759 -5.409482132129528
0.160400310705682 0.3384140384092991 0.9525593401951984 -5.38076540005689
0.16188596901781985 0.3398239960184751 0.9535628176296423 -5.352085320781875
0.16338538778098613 0.34124371230237244 0.9545732403881928 -5.3234429102678105
0.1648986944471065 0.34267321907184944 0.9555906311104249 -5.294839173846521
0.16642601764859036 0.34411254746027475 0.9566150119531789 -5.266275106027608
0.16796748720926533 0.34556172790078477 0.9576464045745671 -5.237751690315055
0.16952323415541204 0.3470207901031686 0.9586848301179727 -5.20926989902388
0.17109339072690144 0.34848976303003626 0.959730309195795 -5.180830693090343
0.1726780903884356 0.349968674871973 0.9607828618724851 -5.152435021878275
0.1742774678408919 0.35145755302133413 0.961842507646023 -5.124083822992387
0.17589165903277326 0.3529564240442529 0.9629092654268675 -5.095778022108764
0.1775208011717635 0.35446531365200945 0.9639831535159994 -5.067518532821972
0.17916503273639003 0.35598424668177275 0.9650641895983653 -5.039306256462011
0.18082449348779517 0.3575132470121166 0.9661523906392758 -5.011142082059962
0.18249932448161524 0.35905233762341027 0.9672477730058872 -4.983026885748953
0.1841896680799711 0.36060154052643717 0.968350352366712 -4.954961531201053
0.18589566796356874 0.3621608767194292 0.9694601436663218 -4.926946869100987
0.18761746914391206 0.3637303661650378 0.9705771611122537 -4.8989837370863185
0.18935521797562951 0.3653100277567721 0.9717014181509831 -4.871072959599291
0.1911090621689138 0.36689987935719426 0.9728329275582848 -4.843215347307479
0.19287915080207776 0.3684999374721963 0.9739717009531803 -4.815411698717524
0.19466563433422623 0.37011021765165325 0.9751177494653701 -4.78766279742071
0.19646866461804455 0.371730734163879 0.9762710832514495 -4.759969413660125
0.19828839491270714 0.37336150002596097 0.9774317115764285 -4.732332303805626
0.2001249798969037 0.37500252696557157 0.9785996427874176 -4.704752210223431
0.20197857568198785 0.3766538253806152 0.9797748842850941 -4.677229861150135
0.2038493398252463 0.37831540429750576 0.9809574424940305 -4.649765970570704
0.20573743134329125 0.3799872713281701 0.9821473228320594 -4.622361238100175
0.20764301072557748 0.381669432625874 0.9833445296786131 -4.595016348872542
0.2095662399480433 0.3833618928399665 0.9845490663424843 -4.567731973432094
0.21150728248687947 0.38506465506713755 0.985760935028387 -4.540508767578097
0.21346630333242445 0.386777720805111 0.9869801368010449 -4.513347372336106
0.21544346900318834 0.3885010899047183 0.9882066715544195 -4.486248413808775
0.217438947560008 0.3902347605171725 0.9894405379730008 -4.459212503077521
0.21945290862033137 0.39197872904028447 0.9906817334928579 -4.432240236108939
0.22148552337263594 0.3937329900404044 0.9919302542387045 -4.405332193525218
0.22353696459097955 0.39549753627141887 0.9931860950598803 -4.3784889409651715
0.22560740664968604 0.39727235860388305 0.9944492494825308 -4.351711028709666
0.227697025538168 0.3990574457622831 0.9957197094467013 -4.324998990776498
0.2298059988758851 0.4008527845770539 0.9969974655918966 -4.298353346434786
0.23193450592744286 0.4026583597324643 0.998282507018839 -4.2717745989759806
0.2340827276178293 0.40447415374441975 0.9995748212842428 -4.245263235981841
0.23625084654779463 0.40630014689304966 1.0008743943536824 -4.2188197292077625
0.23843904700937205 0.4081363171534997 1.0021812105523455 -4.192444534501795
0.2406475150015424 0.4099826401245793 1.0034952525142677 -4.166138091725097
0.24287643824604518 0.4118390889551293 1.004816501129941 -4.139900824673813
0.24512600620333386 0.413705634268175 1.0061449354923646 -4.1137331410024185
0.2473964100886813 0.41558224408238015 1.0074805328411958 -4.087635432145805
0.24968784288843268 0.41746888373124574 1.0088232685052665 -4.0616080732449396
0.2520004993764092 0.4193655157795434 1.0101731158431624 -4.035651423071426
0.25433457613046495 0.4212720999311878 1.0115300461817578 -4.009765823841282
0.25669027154919505 0.4231885929655644 1.012894028753875 -3.9839516016177052
0.25906778586880075 0.4251149486044003 1.014265030630456 -3.958209065474512
0.26146732118010924 0.42705111744605384 1.0156430166556447 -3.9325385079534576
0.263889081445751 0.42899704685989426 1.0170279493758454 -3.9069402048630413
0.2663332725174982 0.43095268088417643 1.0184197889678508 -3.881414415185877
0.2688001021537606 0.4329179600822102 1.0198184931723924 -3.855961380142435
0.2712897800372466 0.4348928216098954 1.0212240171771518 -3.8305813270370033
0.27380251779278575 0.43687719881157905 1.0226363136128225 -3.80527446260365
0.27633852900531697 0.4388710213167023 1.0240553324130142 -3.780040977709826
0.2788980292380441 0.4408742148785825 1.0254810207444436 -3.754881046239127
0.281481236050758 0.44288670110077316 1.0269133228169243 -3.7297948234440743
0.2840883690183303 0.4449083977169134 1.0283521801000135 -3.704782450195944
0.28671964974937697 0.4469392179620885 1.0297975308651004 -3.6798440473346203
0.28937530190509503 0.44897907071582205 1.03124931028662 -3.6549797188620308
0.29205555121827464 0.45102786029865577 1.0327074502991516 -3.630189551120796
0.2947606255124857 0.45308548632417717 1.0341718794929802 -3.605473612695628
0.29749075472144404 0.45515184354554 1.0356425230056445 -3.5808319543101548
0.30024617090855493 0.45722682169633583 1.0371193024094914 -3.5562646087125875
0.30302710828663965 0.4593103053314531 1.0386021356024102 -3.5317715906018723
0.3058338032378433 0.4614021736485901 1.040090936678779 -3.5073528964666925
0.3086664943337273 0.4635023003121849 1.041585615806803 -3.4830085044721577
0.3115254223555488 0.4656105532763253 1.0430860791057837 -3.458738374376561
0.3144108303147265 0.4677267945877243 1.0445922285074596 -3.434542447338779
0.31732296347349764 0.46985088019152976 1.0461039616200254 -3.410420645880069
0.3202620693657652 0.47198265972392023 1.0476211715835704 -3.3863728736701635
0.3232283978181379 0.47412197632588776 1.0491437469575362 -3.3623990141715336
0.326222200971167 0.47626866631641557 1.0506715714256614 -3.3384989355150387
0.3292437333007769 0.4784225591501219 1.052204523887941 -3.3146724815113044
0.33229325163989715 0.48058347700472953 1.053742478063817 -3.2909194795020653
0.33537101520029305 0.4827512346169642 1.0552853024335085 -3.2672397363949965
0.3384772855945981 0.4849256390015321 1.0568328600309822 -3.2436330393387585
0.34161232685855286 0.4871064891918791 1.0583850082721473 -3.2200991553006157
0.3447764054734464 0.48929357596774986 1.059941598768615 -3.1966378310451575
0.34796979038876913 0.4914866815287519 1.061502477099171 -3.1732487927086734
0.35119275304507297 0.4936855792313905 1.0630674826384223 -3.1499317458079616
0.35444556739704336 0.49589003328126546 1.064636448360844 -3.1266863747305043
0.35772850993678734 0.4980997983443 1.0662092005481574 -3.1035123427803084
0.3610418597173337 0.5003146192713416 1.0677855586390175 -3.0804092916309487
0.36438589837635443 0.502534230687008 1.0693653350017294 -3.057376841289679
0.36776091016010326 0.5047583567138623 1.07094833449322 -3.0344145892092445
0.3711671819475765 0.5069867104830847 1.0725343545246335 -3.011522111120458
0.3746050032748993 0.5092189937149662 1.0741231846262 -2.988698959531212
0.3780746663599349 0.5114548964160696 1.0757146061132632 -2.9659446639616847
0.38157646612712487 0.5136940963597992 1.0773083919047215 -2.9432587304973645
0.38511070023255706 0.5159362586413173 1.0789043062003707 -2.920640641372782
0.3886776690892666 0.5181810351983316 1.0805021041737208 -2.898089854569748
0.39227767589277196 0.520428064315728 1.0821015316616676 -2.8756058034176397
0.39591102664684585 0.5226769700258372 1.0837023250423468 -2.8531878962551795
0.399578030189527 0.5249273619322362 1.0853042098584507 -2.830835515367939
0.40327899821937074 0.5271788338992768 1.0869069025402596 -2.808548017681594
0.4070142453219437 0.5294309641956197 1.0885101079656487 -2.786324733121471
0.41078408899656466 0.531683314492272 1.09011352012179 -2.7641649645265893
0.4145888496832911 0.5339354292955175 1.0917168214982962 -2.7420679871960734
0.41842885079015824 0.536186835239742 1.0933196826877511 -2.7200330479901065
0.42230441872066743 0.5384370403860289 1.0949217619580796 -2.698059364942215
0.4262158829015323 0.5406855334679175 1.0965227048094626 -2.6761461265603823
0.4301635758106795 0.5429317830891947 1.0981221435252106 -2.654292491033692
0.43414783300550924 0.5451752369052837 1.099719696692629 -2.632497585605186
0.4381689931514192 0.5474153207527891 1.1013149687159716 -2.6107605057690577
0.4422273980505899 0.5496514377251133 1.1029075492983123 -2.5890803144226853
