exoatlas/populations/data/skewnormal_parameters_for_interpolating_mode.ecsv
# %ECSV 1.0
# ---
# datatype:
# - {name: sigma_upper, datatype: float64}
# - {name: mu_skew, datatype: float64}
# - {name: sigma_skew, datatype: float64}
# - {name: alpha_skew, datatype: float64}
# meta: !!omap
# - {mu: 0}
# - {sigma_lower: 1}
# schema: astropy-2.0
sigma_upper mu_skew sigma_skew alpha_skew
0.01 0.1792100173990606 0.8392526407266222 -11.592021655717023
0.010092621909870474 0.17931665170805364 0.8393285331665128 -11.592021655717023
0.010186101701559758 0.17942426731468628 0.839405124003314 -11.592021655717023
0.010280447320933092 0.17953287317489214 0.8394824196110346 -11.592021655717023
0.01037566678745186 0.17964247832468327 0.8395604264206751 -11.592021655717023
0.010471768194855203 0.1797530918808283 0.8396391509207094 -11.592021655717023
0.01056875971184804 0.17986472304153472 0.8397185996575723 -11.583580205309056
0.010666649582795394 0.17997738108713715 0.839798779236148 -11.575072333827702
0.010765446128423154 0.18009107538078897 0.8398796963202647 -11.566497621613674
0.010865157746525383 0.1802058153691609 0.8399613576331902 -11.557855648166855
0.010965792912678098 0.18032161058296892 0.8400437699577931 -11.549145991555372
0.011067360180959733 0.18043847063837695 0.8401269401384118 -11.540368230961313
0.011169868184678232 0.18055640523658054 0.8402108750791478 -11.53152194265976
0.011273325637104866 0.1806754241654748 0.8402955817462364 -11.522606703458687
0.011377741332214914 0.18079553729989267 0.8403810671676276 -11.51362208904233
0.011483124145435111 0.1809167546025133 0.8404673384338402 -11.504567674605147
0.011589483034398105 0.18103908612452402 0.8405544026983658 -11.49544303469575
0.011696827039703853 0.18116254200640147 0.8406422671782712 -11.486247743400137
0.011805165285688049 0.18128713247873332 0.84073093915477 -11.476981374266407
0.01191450698119776 0.18141286786245425 0.8408204259732703 -11.467643500300662
0.012024861420374122 0.18153975857050905 0.8409107350448003 -11.458233694198903
0.012136237983442405 0.18166781510473176 0.8410018738428373 -11.448751527657056
0.012248646137509313 0.18179704807152958 0.841093849918021 -11.439196574157897
0.012362095437367685 0.18192746815607225 0.8411866708735483 -11.42956840404232
0.012476595526308698 0.18205908614521904 0.8412803443866135 -11.419866588875443
0.012592156136941509 0.18219191292158074 0.8413748782026587 -11.410090699980564
0.012708787092020588 0.18232595946265476 0.841470280134382 -11.400240308381134
0.012826498305280605 0.18246123684333215 0.8415665580639294 -11.390314985012141
0.012945299782279153 0.18259775623591368 0.8416637199426964 -11.380314300745107
0.013065201621247212 0.1827355289112107 0.8417617737921982 -11.370237826451007
0.013186214013947485 0.18287456623929446 0.8418607277045894 -11.360085133072607
0.013308347246540755 0.18301487969039645 0.8419605898433318 -11.349855791591477
0.01343161170046016 0.18315648083563874 0.8420613684436915 -11.339549373132256
0.013556017853293682 0.18329938134742346 0.842163071812967 -11.329165449052347
0.013681576279674718 0.18344359300248167 0.8422657083329449 -11.318703591217373
0.013808297652180923 0.18358912767745497 0.8423692864559943 -11.30816337121157
0.013936192742241428 0.18373599735601542 0.842473814711153 -11.297544361499005
0.01406527242105237 0.18388421412679476 0.8425793017021274 -11.2868461348959
0.014195547660501016 0.18403379018036206 0.8426857561044353 -11.27606826428825
0.014327029534098309 0.18418473782070602 0.8427931866756674 -11.26521032379629
0.014459729217920195 0.18433706945651193 0.8429016022473518 -11.25427188782137
0.01459365799155757 0.18449079759723144 0.843011011721153 -11.243252530860465
0.014728827239075025 0.18464593487501765 0.8431214240888629 -11.23215182917808
0.014865248449978571 0.18480249402328058 0.843232848412495 -11.220969359169224
0.015002933220192183 0.18496048788838676 0.8433452938348873 -11.20970469820076
0.01514189325304352 0.18511992942865757 0.8434587695785759 -11.198357424585222
0.015282140360258701 0.1852808317153639 0.8435732849465083 -11.186927117672658
0.015423686462966282 0.18544320793367533 0.8436888493228587 -11.175413357786535
0.01556654359271062 0.18560707138274127 0.8438054721836734 -11.163815725598324
0.015710723892474503 0.18577243547432437 0.8439231630519678 -11.152133805174676
0.015856239617711373 0.1859393137400138 0.844041931557328 -11.140367181206537
0.01600310313738701 0.18610771982720367 0.8441617873841145 -11.12851544305947
0.016151326935030904 0.1862776675079961 0.8442827404793175 -11.116578158651794
0.016300923609797412 0.1864491706596699 0.8444048005626905 -11.104554935942394
0.016451905877536626 0.1866222432882912 0.8445279776513407 -11.09244535890179
0.016604286571875296 0.18679689952173809 0.8446522818098624 -11.080249016180202
0.016758078645307678 0.186973153604449 0.8447777231665241 -11.067965503401293
0.01691329517029648 0.18715101990680807 0.8449043119520334 -11.055594414457563
0.01706994934038408 0.18733051292186143 0.845032058481202 -11.04313534596964
0.01722805447131394 0.18751164726708158 0.8451609731573959 -11.030587896489962
0.017387624002162504 0.18769443768516952 0.8452910664726185 -11.01795166671676
0.01754867149648151 0.18787889904555194 0.845422349010672 -11.00522625900171
0.017711210643450877 0.18806504634436919 0.8455548314437511 -10.992411278354787
0.017875255259042353 0.18825289470613676 0.8456885245360976 -10.979506331860776
0.018040819287193827 0.1884424593844712 0.8458234391438476 -10.966511028939586
0.018207916800994626 0.1886337557630561 0.8459595862156594 -10.953424981453587
0.018376562003881713 0.18882679935648652 0.8460969767936307 -10.940247803677098
0.018546769230846985 0.189021605811618 0.8462356220130974 -10.92697911280635
0.01871855294965579 0.18921819090777 0.846375533104973 -10.913618528248561
0.018891927762076665 0.1894165705584288 0.8465167213947885 -10.900165672500686
0.01906690840512252 0.1896167608118363 0.8466591983041996 -10.886620170842852
0.019243509752303312 0.18981877785202764 0.8468029753515064 -10.872981651508441
0.019421746814890256 0.19002263799979782 0.8469480641523425 -10.859249745775404
0.01960163474319186 0.19022835771366964 0.8470944764203628 -10.845424088058511
0.019783188827841643 0.19043595359086457 0.8472422239679348 -10.831504316002546
0.019966424501097934 0.19064544236827557 0.8473913187068316 -10.817490070576383
0.020151357338155575 0.19085684092343522 0.8475417726489379 -10.803380996161742
0.02033800305846981 0.19107016627552337 0.8476935979068785 -10.78917674068064
0.02052637752709252 0.19128543558628477 0.8478468066948496 -10.774876955629184
0.020716496756020688 0.19150266616106953 0.8480014113291806 -10.760481296238238
0.0209083769055575 0.19172187544978447 0.8481574242291016 -10.745989421540264
0.021102034285685956 0.19194308104788174 0.8483148579174282 -10.731400994475125
0.0212974853574552 0.19216630069747234 0.8484737250212977 -10.716715682045356
0.021494746734379806 0.19239155228766935 0.8486340382726874 -10.701933155145053
0.021693835183851845 0.1926188538568511 0.8487958105094785 -10.687053089203403
0.02189476762856621 0.19284822359237622 0.8489590546758441 -10.672075163740665
0.02209756114795902 0.19307967983212923 0.8491237838231327 -10.65699906271746
0.022302232979659376 0.19331324106562944 0.849290011109919 -10.641824474768407
0.02250880052095462 0.19354892593452608 0.8494577498041483 -10.62655109293785
0.02271728133026905 0.19378675323496342 0.8496270132831465 -10.611178615117295
0.022927693128656487 0.1940267419156618 0.8497978150326643 -10.595706744024863
0.02314005380130653 0.19426891108215122 0.8499701686503235 -10.580135187321131
0.023354381399064792 0.19451327999610307 0.8501440878448604 -10.564463657698829
0.023570694139967277 0.19475986807648682 0.8503195864368202 -10.548691873100246
0.023789010410788933 0.19500869489975658 0.8504966783588112 -10.532819556557888
0.02400934876860652 0.1952597802036427 0.8506753776585149 -10.516846436686066
0.024231727942375995 0.19551314388481247 0.850855698496491 -10.500772247464965
0.024456166834524465 0.1957688060015376 0.8510376551483431 -10.484596728511391
0.024682684522556925 0.1960267867744804 0.8512212620052738 -10.468319625166545
0.024911300260677886 0.19628710658740925 0.8514065335745516 -10.451940688548472
0.025142033481427965 0.19654978598852993 0.8515934844804963 -10.435459675764944
0.025374903797335705 0.1968148456912536 0.8517821294650034 -10.418876349967944
0.025609931002584595 0.19708230657515768 0.8519724833882262 -10.402190480471724
0.02584713507469564 0.19735218968672874 0.8521645612290881 -10.385401842779999
0.02608653617622548 0.19762451624105537 0.8523583780865491 -10.368510218949243
0.026328154656480213 0.19789930762207747 0.8525539491797189 -10.351515397471276
0.026572011053245054 0.19817658538343239 0.8527512898484654 -10.33441717331156
0.026818126094530156 0.19845637125029753 0.8529504155547752 -10.317215348396081
0.027066520700332414 0.1987386871195522 0.8531513418828213 -10.299909731409684
0.02731721598441376 0.19902355506092928 0.8533540845397979 -10.282500137988565
0.02757023325609584 0.19931099731800164 0.8535586593566239 -10.264986390858319
0.027825594022071243 0.19960103630909934 0.8537650822885963 -10.247368319943527
0.028083319988231725 0.19989369462823245 0.8539733694160463 -10.229645762479493
0.028343433061513094 0.2001889950460177 0.8541835369450004 -10.211818563128709
0.02860595535175742 0.2004869605106653 0.8543956012078464 -10.193886574224914
0.028870909173592363 0.200787614148692 0.8546095786638578 -10.175849655735979
0.02913831704832787 0.201090979265854 0.8548254858999517 -10.157707675173233
0.029408201705870638 0.20139707934825019 0.8550433396313616 -10.139460508098644
0.029680586086656024 0.20170593806316492 0.8552631567023872 -10.121108037876587
0.029955493343598132 0.2020175792597671 0.8554849540865245 -10.102650156495242
0.03023294684405778 0.20233202697014557 0.8557087488876738 -10.084086763744711
0.030512970171828694 0.20264930541000653 0.8559345583402371 -10.065417768094612
0.030795587129142266 0.2029694389796979 0.8561623998101607 -10.046643086247927
0.031080821738690638 0.20329245226505316 0.8563922907954117 -10.027762643510707
0.031368698245668764 0.2036183700380824 0.8566242489263969 -10.00877637398193
0.03165924111983522 0.2039472172578905 0.8568582919666947 -9.989684220554432
0.03195247505759212 0.20427901902636383 0.8570944377541745 -9.970486165679063
0.03224842498408442 0.20461380081455702 0.8573327044987662 -9.951182078331748
0.03254711605531848 0.20495158801228586 0.8575731101885825 -9.931772020441894
0.03284857366030044 0.20529240637986518 0.8578156731846122 -9.912255940818735
0.03315282342319425 0.20563628182483326 0.8580604119260137 -9.892633827565174
0.033459891205499734 0.20598324044446262 0.8583073449858277 -9.872905679430202
0.033769803108250916 0.20633330851850587 0.8585564910623201 -9.853071508644161
0.03408258547423452 0.20668651255373663 0.8588078690331687 -9.83313132077771
0.03439826489022924 0.2070428792222826 0.8590614978738199 -9.813085151921939
0.034716868189265615 0.2074024353897164 0.8593173967038418 -9.792933038592842
0.03503842245290674 0.2077652081252003 0.8595755847892318 -9.772675027348892
0.035362955013550426 0.20813122469495055 0.8598360815364517 -9.75231117489464
0.0356904934567523 0.2085005125556441 0.8600989064850898 -9.731841549813112
0.0360210656235707 0.20887309937657722 0.8603640793310441 -9.71126623008399
0.036354699612933195 0.20924901299698595 0.8606316198816145 -9.690585303360905
0.03669142378402494 0.20962828148332735 0.8609015481164145 -9.669798869026657
0.03703126675869927 0.21001093308792065 0.8611738841420412 -9.648907036663346
0.037374257423910644 0.2103969962645501 0.8614486482092588 -9.627909926636748
0.03772042493416997 0.21078649966935348 0.86172586071359 -9.60680767024098
0.03806979871402286 0.2111794721477604 0.8620055421811994 -9.585600409207569
0.03842240846055061 0.21157594276797792 0.8622877133043484 -9.564288297227877
0.03877828414589457 0.2119759407827393 0.8625723949005443 -9.542871498356789
0.03913745601980384 0.21237949565324632 0.862859607937753 -9.521350188153788
0.03949995461220643 0.21278663704302161 0.8631493735278242 -9.499724553466615
0.039865810735804405 0.2131973948181751 0.8634417129266441 -9.47799479241797
0.04023505548869293 0.2136117990484066 0.8637366475348528 -9.456161114816274
0.040607720257003654 0.2140298800080801 0.8640341988991267 -9.434223741764633
0.040983836717572615 0.2144516681754894 0.8643343887110381 -9.412182906175087
0.041363436840632734 0.21487719423373122 0.8646372388079732 -9.390038852638403
0.04174655289253137 0.21530648907092795 0.864942771173245 -9.367791837531652
0.04213321743847289 0.21573958378050143 0.8652510079362755 -9.345442129102121
0.04252346334528682 0.21617650966145108 0.8655619713727926 -9.322990007544982
0.04291732378422158 0.21661729821854894 0.8658756839049684 -9.300435765062936
0.043314832233763985 0.21706198115066158 0.8661921680857395 -9.277779710773471
0.043716022482485045 0.21751059041085358 0.8665114466785767 -9.255022146530198
0.0441209286319119 0.21796315808644584 0.8668335424980153 -9.232163415538455
0.044529585099426554 0.21841971651980682 0.8671584785697674 -9.209203853685366
0.04494202662119142 0.21888029824600688 0.8674862780493577 -9.186143814603627
0.04535828825510186 0.21934493600952143 0.8678169642411787 -9.162983663496393
0.04577840538376619 0.21981366275970704 0.8681505605955752 -9.139723778518412
0.04620241371751313 0.22028651165306265 0.8684870907102773 -9.11636455017978
0.04663034929742731 0.2207635160527566 0.8688265783301026 -9.092906381518308
0.04706224849841281 0.2212447095285717 0.8691690473469187 -9.069349688143019
0.047498148032285 0.22173012585681176 0.8695145217995743 -9.045694898274904
0.047938084950891094 0.22221979902017944 0.869863025873816 -9.021942452786387
0.04838209664925957 0.22271376320761044 0.8702145839021634 -8.9980928052263
0.0488302208687788 0.22321205281410214 0.8705692203638058 -8.974146421883638
0.04928249570040513 0.2237147024404214 0.8709269598843452 -8.950103781729442
0.04973895958790062 0.2242217469714481 0.8712878273398413 -8.925965379054357
0.05019965133110082 0.22473322121289413 0.8716518473752307 -8.901731711955536
0.050664610089212685 0.22524916053292515 0.8720190452558344 -8.877403302537234
0.05113387538414326 0.22576960035064275 0.872389446187848 -8.85298068101363
0.051607487103859075 0.2262945762845316 0.8727630755168209 -8.828464390203164
0.0520854855057766 0.22682412415469502 0.8731399587314804 -8.803854985614946
0.05256791122018422 0.22735827998851213 0.8735201214714042 -8.77915303568447
0.05305480525369574 0.22789707992016378 0.8739035893937126 -8.754359119332754
0.05354620899273608 0.22844056056880213 0.8742903886649889 -8.729473836328
0.05404216420705915 0.22898875848056044 0.8746805452460727 -8.704497790937138
0.05454271305329834 0.22954171053672592 0.8750740854175784 -8.679431603876084
0.055047898078549706 0.2300994536628135 0.8754710353626536 -8.654275907243141
0.055557762223988776 0.23066202521180837 0.8758714217650656 -8.62903134742259
0.05607234882852033 0.23122946258373572 0.8762752712126319 -8.603698582550392
0.056591701632462424 0.2318018034109099 0.8766826104852409 -8.578278283876045
0.05711586478126432 0.2323790855280138 0.8770934664941636 -8.552771135933744
0.05764488282925876 0.23296134695073484 0.8775078663458888 -8.52717783321937
0.05817880074344935 0.23354862591073092 0.8779258372003771 -8.501499086947032
0.05871766390733255 0.2341409608191127 0.8783474064118655 -8.47573561822429
0.059261518124755524 0.2347383902836412 0.8787726014571063 -8.449888161385678
0.05981040962380941 0.2353409533080472 0.8792014498719527 -8.42395746085191
0.06036438506075867 0.2359486884889122 0.8796339795815991 -8.39794427845619
0.06092349152400712 0.23656163517776357 0.8800702183527231 -8.37184938621624
0.06148777653810023 0.23717983273704338 0.8805101941993677 -8.345673568253275
0.062057288067765004 0.23780332072156346 0.8809539352789325 -8.319417620771045
0.0626320745219869 0.23843213883125197 0.8814014700040842 -8.29308235374557
0.06321218475812451 0.23906632717530993 0.8818528264535809 -8.266668579458294
0.06379766808606283 0.2397059255426903 0.8823080336640937 -8.240177145993297
0.0643885742724042 0.24035097451972443 0.882767119880111 -8.213608881139535
0.06498495354469888 0.24100151444600623 0.8832301140394702 -8.186964647482961
